18
50,100 0,-1
6
D 0,40 20,20
M 40,20 60,40
D 80,20 100,40
D 0,70 20,90
S 40,90 60,70
D 80,90 100,70
32,100 4,-20
7
D 20,36 80,8
M 36,36 60,28
D 84,64 80,68
D 72,68 76,64
D 88,56 84,60
D 92,64 96,60
D 84,72 88,68
32,100 4,-20
7
D 20,36 80,8
M 60,28 36,36
D 72,68 76,64
D 88,56 84,60
D 84,64 80,68
D 92,64 96,60
D 84,72 88,68
72,100 -8,-24
2
D 20,36 80,8
M 60,28 36,36
72,100 -8,-24
2
D 20,36 80,8
M 36,36 60,28
46,100 0,-1
15
S 40,16 52,4
S 40,32 52,20
S 40,56 52,44
S 40,92 52,80
S 80,4 92,16
S 92,20 80,32
S 92,44 80,56
S 92,68 80,80
D 20,4 20,92
D 68,20 68,32
D 64,80 64,92
D 64,32 64,44
D 64,56 64,68
D 68,68 68,80
D 68,44 68,56
100,80 -20,-4
2
D 20,80 28,40
D 52,88 60,48
100,80 -20,-4
2
D 20,80 28,40
D 60,48 52,88
100,80 -60,-12
2
D 20,80 28,40
D 52,88 60,48
100,80 -60,-12
2
D 60,48 52,88
D 20,80 28,40
100,80 -1020,-204
2
D 60,48 52,88
D 20,80 28,40
100,80 -1020,-204
2
D 52,88 60,48
D 20,80 28,40
32,100 4,-20
11
S 36,36 60,28
D 72,68 76,64
D 88,56 84,60
D 92,64 96,60
D 84,72 88,68
D 84,64 80,68
D 56,12 60,12
D 44,8 48,8
D 48,12 52,12
D 48,4 56,4
D 52,8 60,8
32,100 4,-20
11
D 92,64 96,60
D 84,64 80,68
D 44,8 48,8
D 84,72 88,68
D 72,68 76,64
S 60,28 36,36
D 48,12 52,12
D 56,12 60,12
D 88,56 84,60
D 52,8 60,8
D 48,4 56,4
16,100 12,-28
7
D 20,36 80,8
M 36,36 60,28
D 84,64 80,68
D 72,68 76,64
D 88,56 84,60
D 92,64 96,60
D 84,72 88,68
16,100 12,-28
7
D 20,36 80,8
M 60,28 36,36
D 72,68 76,64
D 88,56 84,60
D 84,64 80,68
D 92,64 96,60
D 84,72 88,68
16,100 12,-28
11
S 36,36 60,28
D 72,68 76,64
D 88,56 84,60
D 92,64 96,60
D 84,72 88,68
D 84,64 80,68
D 56,12 60,12
D 44,8 48,8
D 48,12 52,12
D 48,4 56,4
D 52,8 60,8
16,100 12,-28
11
D 92,64 96,60
D 84,64 80,68
D 44,8 48,8
D 84,72 88,68
D 72,68 76,64
S 60,28 36,36
D 48,12 52,12
D 56,12 60,12
D 88,56 84,60
D 52,8 60,8
D 48,4 56,4

